Tx: (1, 6);; [2, 7];; w
No. moves: 1, Moves Done: {'b': [[(1, 6), (2, 7)]], 'w': []}
No. moves: 2, Moves Done: {'b': [[(1, 6), (2, 7)]], 'w': [[(6, 1), (5, 2)]]}
Tx: (2, 7);; [3, 6];; w
No. moves: 3, Moves Done: {'b': [[(1, 6), (2, 7)], [(2, 7), (3, 6)]], 'w': [[(6, 1), (5, 2)]]}
No. moves: 4, Moves Done: {'b': [[(1, 6), (2, 7)], [(2, 7), (3, 6)]], 'w': [[(6, 1), (5, 2)], [(5, 2), (4, 3)]]}
Tx: (3, 6);; [4, 7];; w
No. moves: 5, Moves Done: {'b': [[(1, 6), (2, 7)], [(2, 7), (3, 6)], [(3, 6), (4, 7)]], 'w': [[(6, 1), (5, 2)], [(5, 2), (4, 3)]]}
No. moves: 6, Moves Done: {'b': [[(1, 6), (2, 7)], [(2, 7), (3, 6)], [(3, 6), (4, 7)]], 'w': [[(6, 1), (5, 2)], [(5, 2), (4, 3)], [(7, 0), (6, 1)]]}
Tx: (4, 7);; [5, 6];; w
No. moves: 7, Moves Done: {'b': [[(1, 6), (2, 7)], [(2, 7), (3, 6)], [(3, 6), (4, 7)], [(4, 7), (5, 6)]], 'w': [[(6, 1), (5, 2)], [(5, 2), (4, 3)], [(7, 0), (6, 1)]]}
No. moves: 8, Moves Done: {'b': [[(1, 6), (2, 7)], [(2, 7), (3, 6)], [(3, 6), (4, 7)], [(4, 7), (5, 6)]], 'w': [[(6, 1), (5, 2)], [(5, 2), (4, 3)], [(7, 0), (6, 1)], [(6, 5), (4, 7)]]}
Tx: (1, 4);; [2, 5];; w
No. moves: 9, Moves Done: {'b': [[(1, 6), (2, 7)], [(2, 7), (3, 6)], [(3, 6), (4, 7)], [(4, 7), (5, 6)], [(1, 4), (2, 5)]], 'w': [[(6, 1), (5, 2)], [(5, 2), (4, 3)], [(7, 0), (6, 1)], [(6, 5), (4, 7)]]}
No. moves: 10, Moves Done: {'b': [[(1, 6), (2, 7)], [(2, 7), (3, 6)], [(3, 6), (4, 7)], [(4, 7), (5, 6)], [(1, 4), (2, 5)]], 'w': [[(6, 1), (5, 2)], [(5, 2), (4, 3)], [(7, 0), (6, 1)], [(6, 5), (4, 7)], [(6, 1), (5, 2)]]}
Tx: (2, 5);; [3, 6];; w
No. moves: 11, Moves Done: {'b': [[(1, 6), (2, 7)], [(2, 7), (3, 6)], [(3, 6), (4, 7)], [(4, 7), (5, 6)], [(1, 4), (2, 5)], [(2, 5), (3, 6)]], 'w': [[(6, 1), (5, 2)], [(5, 2), (4, 3)], [(7, 0), (6, 1)], [(6, 5), (4, 7)], [(6, 1), (5, 2)]]}
No. moves: 12, Moves Done: {'b': [[(1, 6), (2, 7)], [(2, 7), (3, 6)], [(3, 6), (4, 7)], [(4, 7), (5, 6)], [(1, 4), (2, 5)], [(2, 5), (3, 6)]], 'w': [[(6, 1), (5, 2)], [(5, 2), (4, 3)], [(7, 0), (6, 1)], [(6, 5), (4, 7)], [(6, 1), (5, 2)], [(4, 7), (2, 5)]]}
Tx: (0, 7);; [1, 6];; w
No. moves: 13, Moves Done: {'b': [[(1, 6), (2, 7)], [(2, 7), (3, 6)], [(3, 6), (4, 7)], [(4, 7), (5, 6)], [(1, 4), (2, 5)], [(2, 5), (3, 6)], [(0, 7), (1, 6)]], 'w': [[(6, 1), (5, 2)], [(5, 2), (4, 3)], [(7, 0), (6, 1)], [(6, 5), (4, 7)], [(6, 1), (5, 2)], [(4, 7), (2, 5)]]}
No. moves: 14, Moves Done: {'b': [[(1, 6), (2, 7)], [(2, 7), (3, 6)], [(3, 6), (4, 7)], [(4, 7), (5, 6)], [(1, 4), (2, 5)], [(2, 5), (3, 6)], [(0, 7), (1, 6)]], 'w': [[(6, 1), (5, 2)], [(5, 2), (4, 3)], [(7, 0), (6, 1)], [(6, 5), (4, 7)], [(6, 1), (5, 2)], [(4, 7), (2, 5)], [(2, 5), (0, 7)]]}
Tx: (0, 3);; [1, 4];; w
No. moves: 15, Moves Done: {'b': [[(1, 6), (2, 7)], [(2, 7), (3, 6)], [(3, 6), (4, 7)], [(4, 7), (5, 6)], [(1, 4), (2, 5)], [(2, 5), (3, 6)], [(0, 7), (1, 6)], [(0, 3), (1, 4)]], 'w': [[(6, 1), (5, 2)], [(5, 2), (4, 3)], [(7, 0), (6, 1)], [(6, 5), (4, 7)], [(6, 1), (5, 2)], [(4, 7), (2, 5)], [(2, 5), (0, 7)]]}
No. moves: 16, Moves Done: {'b': [[(1, 6), (2, 7)], [(2, 7), (3, 6)], [(3, 6), (4, 7)], [(4, 7), (5, 6)], [(1, 4), (2, 5)], [(2, 5), (3, 6)], [(0, 7), (1, 6)], [(0, 3), (1, 4)]], 'w': [[(6, 1), (5, 2)], [(5, 2), (4, 3)], [(7, 0), (6, 1)], [(6, 5), (4, 7)], [(6, 1), (5, 2)], [(4, 7), (2, 5)], [(2, 5), (0, 7)], [(7, 6), (6, 5)]]}
Tx: (0, 5);; [1, 6];; w
No. moves: 17, Moves Done: {'b': [[(1, 6), (2, 7)], [(2, 7), (3, 6)], [(3, 6), (4, 7)], [(4, 7), (5, 6)], [(1, 4), (2, 5)], [(2, 5), (3, 6)], [(0, 7), (1, 6)], [(0, 3), (1, 4)], [(0, 5), (1, 6)]], 'w': [[(6, 1), (5, 2)], [(5, 2), (4, 3)], [(7, 0), (6, 1)], [(6, 5), (4, 7)], [(6, 1), (5, 2)], [(4, 7), (2, 5)], [(2, 5), (0, 7)], [(7, 6), (6, 5)]]}
No. moves: 18, Moves Done: {'b': [[(1, 6), (2, 7)], [(2, 7), (3, 6)], [(3, 6), (4, 7)], [(4, 7), (5, 6)], [(1, 4), (2, 5)], [(2, 5), (3, 6)], [(0, 7), (1, 6)], [(0, 3), (1, 4)], [(0, 5), (1, 6)], [(0, 5), (1, 6)]], 'w': [[(6, 1), (5, 2)], [(5, 2), (4, 3)], [(7, 0), (6, 1)], [(6, 5), (4, 7)], [(6, 1), (5, 2)], [(4, 7), (2, 5)], [(2, 5), (0, 7)], [(7, 6), (6, 5)]]}
